{
    "TEQUILA": 60.0,
    "BLACKNIGHT": 60.0,
    "SAILEACH": 56.0,
    "ROBIN": 55.0,
    "LEE": 52.0,
    "HONEYBERRY": 43.333333333333336,
    "SHAMARE": 43.333333333333336,
    "IRENE": 42.0,
    "WEEDY": 42.0,
    "CORROSERUM": 40.0,
    "VULCAN": 40.0,
    "PALLAS": 39.0,
    "LUMEN": 39.0,
    "PROVENCE": 36.666666666666664,
    "KAZEMARU": 36.666666666666664,
    "PRAMANIX": 36.666666666666664,
    "BLAZE": 36.0,
    "BEANSTALK": 36.0,
    "IRIS": 35.0,
    "JAYE": 34.666666666666664,
    "SPECTER": 33.6,
    "PHANTOM": 33.6,
    "SHALEM": 33.333333333333336,
    "ROBERTA": 32.0,
    "MAGALLAN": 31.2,
    "KJERA": 30.0,
    "ASBESTOS": 30.0,
    "BIBEAK": 30.0,
    "QUERCUS": 30.0,
    "PUDDING": 29.333333333333332,
    "INDIGO": 28.0,
    "MANTICORE": 27.5,
    "CLIFFHEART": 27.5,
    "ENFORCER": 27.5,
    "FEATER": 27.5,
    "UTAGE": 26.666666666666668,
    "SORA": 26.666666666666668,
    "BREEZE": 25.0,
    "ANDREANA": 25.0,
    "NEARL": 24.0,
    "PROJEKTRED": 24.0,
    "SCENE": 24.0,
    "CLICK": 22.0,
    "CUTTER": 22.0,
    "PERFURMER": 22.0,
    "PURESTREAM": 22.0,
    "METEORITE": 22.0,
    "PINECONE": 22.0,
    "DURNAR": 21.333333333333332,
    "ACIDDROP": 21.333333333333332,
    "LEIZI": 20.0,
    "FLINT": 20.0,
    "AOSTA": 20.0,
    "KAFKA": 20.0,
    "SNOWSANT": 20.0,
    "WILDMANE": 20.0,
    "REED": 20.0,
    "ISTINA": 18.333333333333332,
    "GLAUCUS": 18.333333333333332,
    "ETHAN": 18.0,
    "WAAIFU": 18.0,
    "SIEGE": 18.0,
    "GRAVEL": 17.6,
    "VIGNA": 17.6,
    "WHISLASH": 17.5,
    "TSUKINOGI": 16.666666666666668,
    "HUNG": 16.0,
    "ROPE": 16.0,
    "SHAW": 16.0,
    "LEONHARDT": 15.714285714285714,
    "ABSINTHE": 15.714285714285714,
    "FRANKA": 15.0,
    "CEYLON": 15.0,
    "WINDFLIT": 15.0,
    "TEXAS": 15.0,
    "GUMMY": 14.4,
    "MOUSSE": 14.4,
    "SHIRAYUKI": 14.4,
    "AMBRIEL": 14.0,
    "FLAMEBRINGER": 13.333333333333334,
    "ARENE": 13.333333333333334,
    "PODENCO": 13.333333333333334,
    "LAVA-ALT": 12.857142857142858,
    "ESTELLE": 12.8,
    "DEEPCOLOR": 12.8,
    "GRANI": 12.8,
    "SWIRE": 12.5,
    "CHIAVE": 12.5,
    "CROISSANT": 12.222222222222221,
    "BEEHUNTER": 11.2,
    "HEAVYRAIN": 11.11111111111111,
    "TUYE": 11.11111111111111,
    "MATOIMARU": 10.666666666666666,
    "SUSSURRO": 10.666666666666666,
    "GITANO": 10.285714285714286,
    "BISON": 10.0,
    "KROOS-ALT": 10.0,
    "BLUEPOISON": 10.0,
    "PLATINUM": 10.0,
    "CONVICTION": 9.333333333333334,
    "HAZE": 9.142857142857142,
    "GREYTHROAT": 9.090909090909092,
    "BUBBLE": 8.88888888888889,
    "CUORA": 8.88888888888889,
    "SKYFIRE": 8.571428571428571,
    "TOMIMI": 8.571428571428571,
    "DOBERMANN": 8.0,
    "EARTHSPIRIT": 8.0,
    "SCAVENGER": 8.0,
    "COURIER": 8.0,
    "NIGHTMARE": 7.142857142857143,
    "MYRRH": 7.111111111111111,
    "GREYY": 6.857142857142857,
    "NINECOLOREDDEER": 6.666666666666667,
    "MAY": 6.545454545454546,
    "MATTERHORN": 6.222222222222222,
    "GAVIAL": 6.222222222222222,
    "VERMEIL": 5.818181818181818,
    "FROSTLEAF": 5.333333333333333,
    "METEOR": 5.090909090909091,
    "JESSICA": 5.090909090909091,
    "KIRARA": 5.0
}